                        0               0.00000000
                    0.010               0.00922277
                    0.020               0.00833668
                    0.030               0.00753573
                    0.040               0.00681172
                    0.051               0.00615728
                    0.061               0.00556571
                    0.071               0.00503098
                    0.081               0.00454762
                    0.091               0.00411071
                    0.101               0.00371577
                    0.111               0.00335877
                    0.121               0.00303607
                    0.131               0.00274438
                    0.141               0.00248071
                    0.152               0.00224237
                    0.162               0.00202693
                    0.172               0.00183219
                    0.182               0.00165616
                    0.192               0.00149705
                    0.202               0.00135322
                    0.212               0.00122320
                    0.222               0.00110568
                    0.232               0.00099945
                    0.242               0.00090343
                    0.253               0.00081663
                    0.263               0.00073817
                    0.273               0.00066725
                    0.283               0.00060315
                    0.293               0.00054520
                    0.303               0.00049282
                    0.313               0.00044547
                    0.323               0.00040267
                    0.333               0.00036398
                    0.343               0.00032901
                    0.354               0.00029740
                    0.364               0.00026883
                    0.374               0.00024300
                    0.384               0.00021965
                    0.394               0.00019855
                    0.404               0.00017948
                    0.414               0.00016223
                    0.424               0.00014665
                    0.434               0.00013256
                    0.444               0.00011982
                    0.455               0.00010831
                    0.465               0.00009790
                    0.475               0.00008850
                    0.485               0.00007999
                    0.495               0.00007231
                    0.505               0.00006536
                    0.515               0.00005908
                    0.525               0.00005341
                    0.535               0.00004827
                    0.545               0.00004364
                    0.556               0.00003944
                    0.566               0.00003565
                    0.576               0.00003223
                    0.586               0.00002913
                    0.596               0.00002633
                    0.606               0.00002380
                    0.616               0.00002152
                    0.626               0.00001945
                    0.636               0.00001758
                    0.646               0.00001589
                    0.657               0.00001436
                    0.667               0.00001298
                    0.677               0.00001174
                    0.687               0.00001061
                    0.697               0.00000959
                    0.707               0.00000867
                    0.717               0.00000784
                    0.727               0.00000708
                    0.737               0.00000640
                    0.747               0.00000579
                    0.758               0.00000523
                    0.768               0.00000473
                    0.778               0.00000427
                    0.788               0.00000386
                    0.798               0.00000349
                    0.808               0.00000316
                    0.818               0.00000285
                    0.828               0.00000258
                    0.838               0.00000233
                    0.848               0.00000211
                    0.859               0.00000191
                    0.869               0.00000172
                    0.879               0.00000156
                    0.889               0.00000141
                    0.899               0.00000127
                    0.909               0.00000115
                    0.919               0.00000104
                    0.929               0.00000094
                    0.939               0.00000085
                    0.949               0.00000077
                    0.960               0.00000069
                    0.970               0.00000063
                    0.980               0.00000057
                    0.990               0.00000051
                    1.000               0.00000000
