              0     0.00000000
          0.010     0.08597555
          0.020     0.16272048
          0.030     0.23112163
          0.040     0.29198065
          0.051     0.34602215
          0.061     0.39390113
          0.071     0.43620966
          0.081     0.47348293
          0.091     0.50620471
          0.101     0.53481229
          0.111     0.55970095
          0.121     0.58122797
          0.131     0.59971634
          0.141     0.61545800
          0.152     0.62871684
          0.162     0.63973141
          0.172     0.64871731
          0.182     0.65586946
          0.192     0.66136404
          0.202     0.66536030
          0.212     0.66800219
          0.222     0.66941984
          0.232     0.66973087
          0.242     0.66904159
          0.253     0.66744811
          0.263     0.66503731
          0.273     0.66188771
          0.283     0.65807028
          0.293     0.65364920
          0.303     0.64868246
          0.313     0.64322248
          0.323     0.63731665
          0.333     0.63100781
          0.343     0.62433467
          0.354     0.61733225
          0.364     0.61003216
          0.374     0.60246302
          0.384     0.59465068
          0.394     0.58661849
          0.404     0.57838758
          0.414     0.56997704
          0.424     0.56140413
          0.434     0.55268445
          0.444     0.54383210
          0.455     0.53485984
          0.465     0.52577916
          0.475     0.51660051
          0.485     0.50733328
          0.495     0.49798599
          0.505     0.48856633
          0.515     0.47908125
          0.525     0.46953704
          0.535     0.45993938
          0.545     0.45029340
          0.556     0.44060375
          0.566     0.43087462
          0.576     0.42110980
          0.586     0.41131273
          0.596     0.40148651
          0.606     0.39163392
          0.616     0.38175752
          0.626     0.37185957
          0.636     0.36194216
          0.646     0.35200716
          0.657     0.34205625
          0.667     0.33209097
          0.677     0.32211268
          0.687     0.31212266
          0.697     0.30212201
          0.707     0.29211176
          0.717     0.28209284
          0.727     0.27206607
          0.737     0.26203222
          0.747     0.25199196
          0.758     0.24194590
          0.768     0.23189461
          0.778     0.22183859
          0.788     0.21177829
          0.798     0.20171412
          0.808     0.19164646
          0.818     0.18157563
          0.828     0.17150195
          0.838     0.16142569
          0.848     0.15134710
          0.859     0.14126639
          0.869     0.13118378
          0.879     0.12109945
          0.889     0.11101355
          0.899     0.10092625
          0.909     0.09083768
          0.919     0.08074795
          0.929     0.07065719
          0.939     0.06056548
          0.949     0.05047293
          0.960     0.04037960
          0.970     0.03028558
          0.980     0.02019094
          0.990     0.01009573
          1.000     0.00000000
