                        0               0.00000000
                    0.111               1.89756532
                    0.222               1.82265293
                    0.333               1.61395286
                    0.444               1.36121083
                    0.556               1.09397048
                    0.667               0.82195740
                    0.778               0.54837316
                    0.889               0.27427171
                    1.000               0.00000000
