                        0               0.00000000
                    0.111               0.40641110
                    0.222               0.13378768
                    0.333               0.04404197
                    0.444               0.01449831
                    0.556               0.00477274
                    0.667               0.00157115
                    0.778               0.00051721
                    0.889               0.00017026
                    1.000               0.00000000
