                        0               0.00000000
                    0.001               0.00009920
                    0.002               0.00009821
                    0.003               0.00009724
                    0.004               0.00009627
                    0.005               0.00009531
                    0.006               0.00009436
                    0.007               0.00009342
                    0.008               0.00009249
                    0.009               0.00009157
                    0.010               0.00009066
                    0.011               0.00008975
                    0.012               0.00008886
                    0.013               0.00008797
                    0.014               0.00008710
                    0.015               0.00008623
                    0.016               0.00008537
                    0.017               0.00008452
                    0.018               0.00008368
                    0.019               0.00008285
                    0.020               0.00008202
                    0.021               0.00008120
                    0.022               0.00008039
                    0.023               0.00007959
                    0.024               0.00007880
                    0.025               0.00007802
                    0.026               0.00007724
                    0.027               0.00007647
                    0.028               0.00007571
                    0.029               0.00007495
                    0.030               0.00007421
                    0.031               0.00007347
                    0.032               0.00007274
                    0.033               0.00007201
                    0.034               0.00007130
                    0.035               0.00007059
                    0.036               0.00006988
                    0.037               0.00006919
                    0.038               0.00006850
                    0.039               0.00006781
                    0.040               0.00006714
                    0.041               0.00006647
                    0.042               0.00006581
                    0.043               0.00006515
                    0.044               0.00006450
                    0.045               0.00006386
                    0.046               0.00006323
                    0.047               0.00006260
                    0.048               0.00006197
                    0.049               0.00006136
                    0.050               0.00006074
                    0.051               0.00006014
                    0.052               0.00005954
                    0.053               0.00005895
                    0.054               0.00005836
                    0.055               0.00005778
                    0.056               0.00005720
                    0.057               0.00005663
                    0.058               0.00005607
                    0.059               0.00005551
                    0.060               0.00005496
                    0.061               0.00005441
                    0.062               0.00005387
                    0.063               0.00005333
                    0.064               0.00005280
                    0.065               0.00005228
                    0.066               0.00005175
                    0.067               0.00005124
                    0.068               0.00005073
                    0.069               0.00005022
                    0.070               0.00004972
                    0.071               0.00004923
                    0.072               0.00004874
                    0.073               0.00004825
                    0.074               0.00004777
                    0.075               0.00004730
                    0.076               0.00004682
                    0.077               0.00004636
                    0.078               0.00004590
                    0.079               0.00004544
                    0.080               0.00004499
                    0.081               0.00004454
                    0.082               0.00004410
                    0.083               0.00004366
                    0.084               0.00004322
                    0.085               0.00004279
                    0.086               0.00004236
                    0.087               0.00004194
                    0.088               0.00004152
                    0.089               0.00004111
                    0.090               0.00004070
                    0.091               0.00004030
                    0.092               0.00003989
                    0.093               0.00003950
                    0.094               0.00003910
                    0.095               0.00003871
                    0.096               0.00003833
                    0.097               0.00003795
                    0.098               0.00003757
                    0.099               0.00003720
                    0.100               0.00003682
                    0.101               0.00003646
                    0.102               0.00003609
                    0.103               0.00003574
                    0.104               0.00003538
                    0.105               0.00003503
                    0.106               0.00003468
                    0.107               0.00003433
                    0.108               0.00003399
                    0.109               0.00003365
                    0.110               0.00003332
                    0.111               0.00003299
                    0.112               0.00003266
                    0.113               0.00003233
                    0.114               0.00003201
                    0.115               0.00003169
                    0.116               0.00003137
                    0.117               0.00003106
                    0.118               0.00003075
                    0.119               0.00003045
                    0.120               0.00003014
                    0.121               0.00002984
                    0.122               0.00002955
                    0.123               0.00002925
                    0.124               0.00002896
                    0.125               0.00002867
                    0.126               0.00002839
                    0.127               0.00002810
                    0.128               0.00002782
                    0.129               0.00002755
                    0.130               0.00002727
                    0.131               0.00002700
                    0.132               0.00002673
                    0.133               0.00002647
                    0.134               0.00002620
                    0.135               0.00002594
                    0.136               0.00002568
                    0.137               0.00002543
                    0.138               0.00002517
                    0.139               0.00002492
                    0.140               0.00002467
                    0.141               0.00002443
                    0.142               0.00002419
                    0.143               0.00002394
                    0.144               0.00002371
                    0.145               0.00002347
                    0.146               0.00002324
                    0.147               0.00002300
                    0.148               0.00002278
                    0.149               0.00002255
                    0.150               0.00002232
                    0.151               0.00002210
                    0.152               0.00002188
                    0.153               0.00002166
                    0.154               0.00002145
                    0.155               0.00002123
                    0.156               0.00002102
                    0.157               0.00002081
                    0.158               0.00002061
                    0.159               0.00002040
                    0.160               0.00002020
                    0.161               0.00002000
                    0.162               0.00001980
                    0.163               0.00001960
                    0.164               0.00001940
                    0.165               0.00001921
                    0.166               0.00001902
                    0.167               0.00001883
                    0.168               0.00001864
                    0.169               0.00001846
                    0.170               0.00001827
                    0.171               0.00001809
                    0.172               0.00001791
                    0.173               0.00001773
                    0.174               0.00001756
                    0.175               0.00001738
                    0.176               0.00001721
                    0.177               0.00001704
                    0.178               0.00001687
                    0.179               0.00001670
                    0.180               0.00001653
                    0.181               0.00001637
                    0.182               0.00001621
                    0.183               0.00001604
                    0.184               0.00001588
                    0.185               0.00001573
                    0.186               0.00001557
                    0.187               0.00001541
                    0.188               0.00001526
                    0.189               0.00001511
                    0.190               0.00001496
                    0.191               0.00001481
                    0.192               0.00001466
                    0.193               0.00001452
                    0.194               0.00001437
                    0.195               0.00001423
                    0.196               0.00001409
                    0.197               0.00001395
                    0.198               0.00001381
                    0.199               0.00001367
                    0.200               0.00001353
                    0.201               0.00001340
                    0.202               0.00001327
                    0.203               0.00001313
                    0.204               0.00001300
                    0.205               0.00001287
                    0.206               0.00001274
                    0.207               0.00001262
                    0.208               0.00001249
                    0.209               0.00001237
                    0.210               0.00001224
                    0.211               0.00001212
                    0.212               0.00001200
                    0.213               0.00001188
                    0.214               0.00001176
                    0.215               0.00001165
                    0.216               0.00001153
                    0.217               0.00001142
                    0.218               0.00001130
                    0.219               0.00001119
                    0.220               0.00001108
                    0.221               0.00001097
                    0.222               0.00001086
                    0.223               0.00001075
                    0.224               0.00001064
                    0.225               0.00001054
                    0.226               0.00001043
                    0.227               0.00001033
                    0.228               0.00001023
                    0.229               0.00001012
                    0.230               0.00001002
                    0.231               0.00000992
                    0.232               0.00000982
                    0.233               0.00000973
                    0.234               0.00000963
                    0.235               0.00000953
                    0.236               0.00000944
                    0.237               0.00000934
                    0.238               0.00000925
                    0.239               0.00000916
                    0.240               0.00000907
                    0.241               0.00000898
                    0.242               0.00000889
                    0.243               0.00000880
                    0.244               0.00000871
                    0.245               0.00000863
                    0.246               0.00000854
                    0.247               0.00000845
                    0.248               0.00000837
                    0.249               0.00000829
                    0.250               0.00000820
                    0.251               0.00000812
                    0.252               0.00000804
                    0.253               0.00000796
                    0.254               0.00000788
                    0.255               0.00000780
                    0.256               0.00000773
                    0.257               0.00000765
                    0.258               0.00000757
                    0.259               0.00000750
                    0.260               0.00000742
                    0.261               0.00000735
                    0.262               0.00000728
                    0.263               0.00000720
                    0.264               0.00000713
                    0.265               0.00000706
                    0.266               0.00000699
                    0.267               0.00000692
                    0.268               0.00000685
                    0.269               0.00000678
                    0.270               0.00000672
                    0.271               0.00000665
                    0.272               0.00000658
                    0.273               0.00000652
                    0.274               0.00000645
                    0.275               0.00000639
                    0.276               0.00000632
                    0.277               0.00000626
                    0.278               0.00000620
                    0.279               0.00000614
                    0.280               0.00000608
                    0.281               0.00000602
                    0.282               0.00000596
                    0.283               0.00000590
                    0.284               0.00000584
                    0.285               0.00000578
                    0.286               0.00000572
                    0.287               0.00000566
                    0.288               0.00000561
                    0.289               0.00000555
                    0.290               0.00000550
                    0.291               0.00000544
                    0.292               0.00000539
                    0.293               0.00000533
                    0.294               0.00000528
                    0.295               0.00000523
                    0.296               0.00000518
                    0.297               0.00000513
                    0.298               0.00000507
                    0.299               0.00000502
                    0.300               0.00000497
                    0.301               0.00000492
                    0.302               0.00000488
                    0.303               0.00000483
                    0.304               0.00000478
                    0.305               0.00000473
                    0.306               0.00000468
                    0.307               0.00000464
                    0.308               0.00000459
                    0.309               0.00000455
                    0.310               0.00000450
                    0.311               0.00000446
                    0.312               0.00000441
                    0.313               0.00000437
                    0.314               0.00000432
                    0.315               0.00000428
                    0.316               0.00000424
                    0.317               0.00000420
                    0.318               0.00000415
                    0.319               0.00000411
                    0.320               0.00000407
                    0.321               0.00000403
                    0.322               0.00000399
                    0.323               0.00000395
                    0.324               0.00000391
                    0.325               0.00000387
                    0.326               0.00000383
                    0.327               0.00000380
                    0.328               0.00000376
                    0.329               0.00000372
                    0.330               0.00000368
                    0.331               0.00000365
                    0.332               0.00000361
                    0.333               0.00000357
                    0.334               0.00000354
                    0.335               0.00000350
                    0.336               0.00000347
                    0.337               0.00000343
                    0.338               0.00000340
                    0.339               0.00000337
                    0.340               0.00000333
                    0.341               0.00000330
                    0.342               0.00000327
                    0.343               0.00000323
                    0.344               0.00000320
                    0.345               0.00000317
                    0.346               0.00000314
                    0.347               0.00000311
                    0.348               0.00000308
                    0.349               0.00000305
                    0.350               0.00000302
                    0.351               0.00000299
                    0.352               0.00000296
                    0.353               0.00000293
                    0.354               0.00000290
                    0.355               0.00000287
                    0.356               0.00000284
                    0.357               0.00000281
                    0.358               0.00000278
                    0.359               0.00000276
                    0.360               0.00000273
                    0.361               0.00000270
                    0.362               0.00000267
                    0.363               0.00000265
                    0.364               0.00000262
                    0.365               0.00000259
                    0.366               0.00000257
                    0.367               0.00000254
                    0.368               0.00000252
                    0.369               0.00000249
                    0.370               0.00000247
                    0.371               0.00000244
                    0.372               0.00000242
                    0.373               0.00000240
                    0.374               0.00000237
                    0.375               0.00000235
                    0.376               0.00000232
                    0.377               0.00000230
                    0.378               0.00000228
                    0.379               0.00000226
                    0.380               0.00000223
                    0.381               0.00000221
                    0.382               0.00000219
                    0.383               0.00000217
                    0.384               0.00000215
                    0.385               0.00000212
                    0.386               0.00000210
                    0.387               0.00000208
                    0.388               0.00000206
                    0.389               0.00000204
                    0.390               0.00000202
                    0.391               0.00000200
                    0.392               0.00000198
                    0.393               0.00000196
                    0.394               0.00000194
                    0.395               0.00000192
                    0.396               0.00000190
                    0.397               0.00000188
                    0.398               0.00000186
                    0.399               0.00000185
                    0.400               0.00000183
                    0.401               0.00000181
                    0.402               0.00000179
                    0.403               0.00000177
                    0.404               0.00000176
                    0.405               0.00000174
                    0.406               0.00000172
                    0.407               0.00000170
                    0.408               0.00000169
                    0.409               0.00000167
                    0.410               0.00000165
                    0.411               0.00000164
                    0.412               0.00000162
                    0.413               0.00000160
                    0.414               0.00000159
                    0.415               0.00000157
                    0.416               0.00000156
                    0.417               0.00000154
                    0.418               0.00000153
                    0.419               0.00000151
                    0.420               0.00000150
                    0.421               0.00000148
                    0.422               0.00000147
                    0.423               0.00000145
                    0.424               0.00000144
                    0.425               0.00000142
                    0.426               0.00000141
                    0.427               0.00000140
                    0.428               0.00000138
                    0.429               0.00000137
                    0.430               0.00000135
                    0.431               0.00000134
                    0.432               0.00000133
                    0.433               0.00000131
                    0.434               0.00000130
                    0.435               0.00000129
                    0.436               0.00000127
                    0.437               0.00000126
                    0.438               0.00000125
                    0.439               0.00000124
                    0.440               0.00000122
                    0.441               0.00000121
                    0.442               0.00000120
                    0.443               0.00000119
                    0.444               0.00000118
                    0.445               0.00000116
                    0.446               0.00000115
                    0.447               0.00000114
                    0.448               0.00000113
                    0.449               0.00000112
                    0.450               0.00000111
                    0.451               0.00000110
                    0.452               0.00000109
                    0.453               0.00000108
                    0.454               0.00000106
                    0.455               0.00000105
                    0.456               0.00000104
                    0.457               0.00000103
                    0.458               0.00000102
                    0.459               0.00000101
                    0.460               0.00000100
                    0.461               0.00000099
                    0.462               0.00000098
                    0.463               0.00000097
                    0.464               0.00000096
                    0.465               0.00000095
                    0.466               0.00000094
                    0.467               0.00000093
                    0.468               0.00000093
                    0.469               0.00000092
                    0.470               0.00000091
                    0.471               0.00000090
                    0.472               0.00000089
                    0.473               0.00000088
                    0.474               0.00000087
                    0.475               0.00000086
                    0.476               0.00000085
                    0.477               0.00000085
                    0.478               0.00000084
                    0.479               0.00000083
                    0.480               0.00000082
                    0.481               0.00000081
                    0.482               0.00000080
                    0.483               0.00000080
                    0.484               0.00000079
                    0.485               0.00000078
                    0.486               0.00000077
                    0.487               0.00000077
                    0.488               0.00000076
                    0.489               0.00000075
                    0.490               0.00000074
                    0.491               0.00000074
                    0.492               0.00000073
                    0.493               0.00000072
                    0.494               0.00000071
                    0.495               0.00000071
                    0.496               0.00000070
                    0.497               0.00000069
                    0.498               0.00000069
                    0.499               0.00000068
                    0.501               0.00000067
                    0.502               0.00000067
                    0.503               0.00000066
                    0.504               0.00000065
                    0.505               0.00000065
                    0.506               0.00000064
                    0.507               0.00000063
                    0.508               0.00000063
                    0.509               0.00000062
                    0.510               0.00000061
                    0.511               0.00000061
                    0.512               0.00000060
                    0.513               0.00000060
                    0.514               0.00000059
                    0.515               0.00000058
                    0.516               0.00000058
                    0.517               0.00000057
                    0.518               0.00000057
                    0.519               0.00000056
                    0.520               0.00000056
                    0.521               0.00000055
                    0.522               0.00000054
                    0.523               0.00000054
                    0.524               0.00000053
                    0.525               0.00000053
                    0.526               0.00000052
                    0.527               0.00000052
                    0.528               0.00000051
                    0.529               0.00000051
                    0.530               0.00000050
                    0.531               0.00000050
                    0.532               0.00000049
                    0.533               0.00000049
                    0.534               0.00000048
                    0.535               0.00000048
                    0.536               0.00000047
                    0.537               0.00000047
                    0.538               0.00000046
                    0.539               0.00000046
                    0.540               0.00000045
                    0.541               0.00000045
                    0.542               0.00000045
                    0.543               0.00000044
                    0.544               0.00000044
                    0.545               0.00000043
                    0.546               0.00000043
                    0.547               0.00000042
                    0.548               0.00000042
                    0.549               0.00000042
                    0.550               0.00000041
                    0.551               0.00000041
                    0.552               0.00000040
                    0.553               0.00000040
                    0.554               0.00000040
                    0.555               0.00000039
                    0.556               0.00000039
                    0.557               0.00000038
                    0.558               0.00000038
                    0.559               0.00000038
                    0.560               0.00000037
                    0.561               0.00000037
                    0.562               0.00000036
                    0.563               0.00000036
                    0.564               0.00000036
                    0.565               0.00000035
                    0.566               0.00000035
                    0.567               0.00000035
                    0.568               0.00000034
                    0.569               0.00000034
                    0.570               0.00000034
                    0.571               0.00000033
                    0.572               0.00000033
                    0.573               0.00000033
                    0.574               0.00000032
                    0.575               0.00000032
                    0.576               0.00000032
                    0.577               0.00000031
                    0.578               0.00000031
                    0.579               0.00000031
                    0.580               0.00000030
                    0.581               0.00000030
                    0.582               0.00000030
                    0.583               0.00000030
                    0.584               0.00000029
                    0.585               0.00000029
                    0.586               0.00000029
                    0.587               0.00000028
                    0.588               0.00000028
                    0.589               0.00000028
                    0.590               0.00000028
                    0.591               0.00000027
                    0.592               0.00000027
                    0.593               0.00000027
                    0.594               0.00000026
                    0.595               0.00000026
                    0.596               0.00000026
                    0.597               0.00000026
                    0.598               0.00000025
                    0.599               0.00000025
                    0.600               0.00000025
                    0.601               0.00000025
                    0.602               0.00000024
                    0.603               0.00000024
                    0.604               0.00000024
                    0.605               0.00000024
                    0.606               0.00000023
                    0.607               0.00000023
                    0.608               0.00000023
                    0.609               0.00000023
                    0.610               0.00000023
                    0.611               0.00000022
                    0.612               0.00000022
                    0.613               0.00000022
                    0.614               0.00000022
                    0.615               0.00000021
                    0.616               0.00000021
                    0.617               0.00000021
                    0.618               0.00000021
                    0.619               0.00000021
                    0.620               0.00000020
                    0.621               0.00000020
                    0.622               0.00000020
                    0.623               0.00000020
                    0.624               0.00000020
                    0.625               0.00000019
                    0.626               0.00000019
                    0.627               0.00000019
                    0.628               0.00000019
                    0.629               0.00000019
                    0.630               0.00000018
                    0.631               0.00000018
                    0.632               0.00000018
                    0.633               0.00000018
                    0.634               0.00000018
                    0.635               0.00000018
                    0.636               0.00000017
                    0.637               0.00000017
                    0.638               0.00000017
                    0.639               0.00000017
                    0.640               0.00000017
                    0.641               0.00000017
                    0.642               0.00000016
                    0.643               0.00000016
                    0.644               0.00000016
                    0.645               0.00000016
                    0.646               0.00000016
                    0.647               0.00000016
                    0.648               0.00000015
                    0.649               0.00000015
                    0.650               0.00000015
                    0.651               0.00000015
                    0.652               0.00000015
                    0.653               0.00000015
                    0.654               0.00000015
                    0.655               0.00000014
                    0.656               0.00000014
                    0.657               0.00000014
                    0.658               0.00000014
                    0.659               0.00000014
                    0.660               0.00000014
                    0.661               0.00000014
                    0.662               0.00000013
                    0.663               0.00000013
                    0.664               0.00000013
                    0.665               0.00000013
                    0.666               0.00000013
                    0.667               0.00000013
                    0.668               0.00000013
                    0.669               0.00000012
                    0.670               0.00000012
                    0.671               0.00000012
                    0.672               0.00000012
                    0.673               0.00000012
                    0.674               0.00000012
                    0.675               0.00000012
                    0.676               0.00000012
                    0.677               0.00000012
                    0.678               0.00000011
                    0.679               0.00000011
                    0.680               0.00000011
                    0.681               0.00000011
                    0.682               0.00000011
                    0.683               0.00000011
                    0.684               0.00000011
                    0.685               0.00000011
                    0.686               0.00000011
                    0.687               0.00000010
                    0.688               0.00000010
                    0.689               0.00000010
                    0.690               0.00000010
                    0.691               0.00000010
                    0.692               0.00000010
                    0.693               0.00000010
                    0.694               0.00000010
                    0.695               0.00000010
                    0.696               0.00000010
                    0.697               0.00000009
                    0.698               0.00000009
                    0.699               0.00000009
                    0.700               0.00000009
                    0.701               0.00000009
                    0.702               0.00000009
                    0.703               0.00000009
                    0.704               0.00000009
                    0.705               0.00000009
                    0.706               0.00000009
                    0.707               0.00000009
                    0.708               0.00000008
                    0.709               0.00000008
                    0.710               0.00000008
                    0.711               0.00000008
                    0.712               0.00000008
                    0.713               0.00000008
                    0.714               0.00000008
                    0.715               0.00000008
                    0.716               0.00000008
                    0.717               0.00000008
                    0.718               0.00000008
                    0.719               0.00000008
                    0.720               0.00000008
                    0.721               0.00000007
                    0.722               0.00000007
                    0.723               0.00000007
                    0.724               0.00000007
                    0.725               0.00000007
                    0.726               0.00000007
                    0.727               0.00000007
                    0.728               0.00000007
                    0.729               0.00000007
                    0.730               0.00000007
                    0.731               0.00000007
                    0.732               0.00000007
                    0.733               0.00000007
                    0.734               0.00000007
                    0.735               0.00000006
                    0.736               0.00000006
                    0.737               0.00000006
                    0.738               0.00000006
                    0.739               0.00000006
                    0.740               0.00000006
                    0.741               0.00000006
                    0.742               0.00000006
                    0.743               0.00000006
                    0.744               0.00000006
                    0.745               0.00000006
                    0.746               0.00000006
                    0.747               0.00000006
                    0.748               0.00000006
                    0.749               0.00000006
                    0.750               0.00000006
                    0.751               0.00000006
                    0.752               0.00000005
                    0.753               0.00000005
                    0.754               0.00000005
                    0.755               0.00000005
                    0.756               0.00000005
                    0.757               0.00000005
                    0.758               0.00000005
                    0.759               0.00000005
                    0.760               0.00000005
                    0.761               0.00000005
                    0.762               0.00000005
                    0.763               0.00000005
                    0.764               0.00000005
                    0.765               0.00000005
                    0.766               0.00000005
                    0.767               0.00000005
                    0.768               0.00000005
                    0.769               0.00000005
                    0.770               0.00000005
                    0.771               0.00000005
                    0.772               0.00000004
                    0.773               0.00000004
                    0.774               0.00000004
                    0.775               0.00000004
                    0.776               0.00000004
                    0.777               0.00000004
                    0.778               0.00000004
                    0.779               0.00000004
                    0.780               0.00000004
                    0.781               0.00000004
                    0.782               0.00000004
                    0.783               0.00000004
                    0.784               0.00000004
                    0.785               0.00000004
                    0.786               0.00000004
                    0.787               0.00000004
                    0.788               0.00000004
                    0.789               0.00000004
                    0.790               0.00000004
                    0.791               0.00000004
                    0.792               0.00000004
                    0.793               0.00000004
                    0.794               0.00000004
                    0.795               0.00000004
                    0.796               0.00000004
                    0.797               0.00000003
                    0.798               0.00000003
                    0.799               0.00000003
                    0.800               0.00000003
                    0.801               0.00000003
                    0.802               0.00000003
                    0.803               0.00000003
                    0.804               0.00000003
                    0.805               0.00000003
                    0.806               0.00000003
                    0.807               0.00000003
                    0.808               0.00000003
                    0.809               0.00000003
                    0.810               0.00000003
                    0.811               0.00000003
                    0.812               0.00000003
                    0.813               0.00000003
                    0.814               0.00000003
                    0.815               0.00000003
                    0.816               0.00000003
                    0.817               0.00000003
                    0.818               0.00000003
                    0.819               0.00000003
                    0.820               0.00000003
                    0.821               0.00000003
                    0.822               0.00000003
                    0.823               0.00000003
                    0.824               0.00000003
                    0.825               0.00000003
                    0.826               0.00000003
                    0.827               0.00000003
                    0.828               0.00000003
                    0.829               0.00000003
                    0.830               0.00000002
                    0.831               0.00000002
                    0.832               0.00000002
                    0.833               0.00000002
                    0.834               0.00000002
                    0.835               0.00000002
                    0.836               0.00000002
                    0.837               0.00000002
                    0.838               0.00000002
                    0.839               0.00000002
                    0.840               0.00000002
                    0.841               0.00000002
                    0.842               0.00000002
                    0.843               0.00000002
                    0.844               0.00000002
                    0.845               0.00000002
                    0.846               0.00000002
                    0.847               0.00000002
                    0.848               0.00000002
                    0.849               0.00000002
                    0.850               0.00000002
                    0.851               0.00000002
                    0.852               0.00000002
                    0.853               0.00000002
                    0.854               0.00000002
                    0.855               0.00000002
                    0.856               0.00000002
                    0.857               0.00000002
                    0.858               0.00000002
                    0.859               0.00000002
                    0.860               0.00000002
                    0.861               0.00000002
                    0.862               0.00000002
                    0.863               0.00000002
                    0.864               0.00000002
                    0.865               0.00000002
                    0.866               0.00000002
                    0.867               0.00000002
                    0.868               0.00000002
                    0.869               0.00000002
                    0.870               0.00000002
                    0.871               0.00000002
                    0.872               0.00000002
                    0.873               0.00000002
                    0.874               0.00000002
                    0.875               0.00000002
                    0.876               0.00000002
                    0.877               0.00000002
                    0.878               0.00000002
                    0.879               0.00000002
                    0.880               0.00000002
                    0.881               0.00000001
                    0.882               0.00000001
                    0.883               0.00000001
                    0.884               0.00000001
                    0.885               0.00000001
                    0.886               0.00000001
                    0.887               0.00000001
                    0.888               0.00000001
                    0.889               0.00000001
                    0.890               0.00000001
                    0.891               0.00000001
                    0.892               0.00000001
                    0.893               0.00000001
                    0.894               0.00000001
                    0.895               0.00000001
                    0.896               0.00000001
                    0.897               0.00000001
                    0.898               0.00000001
                    0.899               0.00000001
                    0.900               0.00000001
                    0.901               0.00000001
                    0.902               0.00000001
                    0.903               0.00000001
                    0.904               0.00000001
                    0.905               0.00000001
                    0.906               0.00000001
                    0.907               0.00000001
                    0.908               0.00000001
                    0.909               0.00000001
                    0.910               0.00000001
                    0.911               0.00000001
                    0.912               0.00000001
                    0.913               0.00000001
                    0.914               0.00000001
                    0.915               0.00000001
                    0.916               0.00000001
                    0.917               0.00000001
                    0.918               0.00000001
                    0.919               0.00000001
                    0.920               0.00000001
                    0.921               0.00000001
                    0.922               0.00000001
                    0.923               0.00000001
                    0.924               0.00000001
                    0.925               0.00000001
                    0.926               0.00000001
                    0.927               0.00000001
                    0.928               0.00000001
                    0.929               0.00000001
                    0.930               0.00000001
                    0.931               0.00000001
                    0.932               0.00000001
                    0.933               0.00000001
                    0.934               0.00000001
                    0.935               0.00000001
                    0.936               0.00000001
                    0.937               0.00000001
                    0.938               0.00000001
                    0.939               0.00000001
                    0.940               0.00000001
                    0.941               0.00000001
                    0.942               0.00000001
                    0.943               0.00000001
                    0.944               0.00000001
                    0.945               0.00000001
                    0.946               0.00000001
                    0.947               0.00000001
                    0.948               0.00000001
                    0.949               0.00000001
                    0.950               0.00000001
                    0.951               0.00000001
                    0.952               0.00000001
                    0.953               0.00000001
                    0.954               0.00000001
                    0.955               0.00000001
                    0.956               0.00000001
                    0.957               0.00000001
                    0.958               0.00000001
                    0.959               0.00000001
                    0.960               0.00000001
                    0.961               0.00000001
                    0.962               0.00000001
                    0.963               0.00000001
                    0.964               0.00000001
                    0.965               0.00000001
                    0.966               0.00000001
                    0.967               0.00000001
                    0.968               0.00000001
                    0.969               0.00000001
                    0.970               0.00000001
                    0.971               0.00000001
                    0.972               0.00000001
                    0.973               0.00000001
                    0.974               0.00000001
                    0.975               0.00000001
                    0.976               0.00000001
                    0.977               0.00000001
                    0.978               0.00000001
                    0.979               0.00000001
                    0.980               0.00000001
                    0.981               0.00000001
                    0.982               0.00000001
                    0.983               0.00000001
                    0.984               0.00000001
                    0.985               0.00000001
                    0.986               0.00000001
                    0.987               0.00000001
                    0.988               0.00000001
                    0.989               0.00000001
                    0.990               0.00000001
                    0.991               0.00000000
                    0.992               0.00000000
                    0.993               0.00000000
                    0.994               0.00000000
                    0.995               0.00000000
                    0.996               0.00000000
                    0.997               0.00000000
                    0.998               0.00000000
                    0.999               0.00000000
                    1.000               0.00000000
