                        0               0.00000000
                    0.010               0.00000000
                    0.020               0.00000000
                    0.030               0.00000000
                    0.040               0.00000000
                    0.051               0.00000000
                    0.061               0.00000000
                    0.071               0.00000000
                    0.081               0.00000000
                    0.091               0.00000000
                    0.101               0.00000000
                    0.111               0.00000000
                    0.121               0.00000000
                    0.131               0.00000000
                    0.141               0.00000000
                    0.152               0.00000000
                    0.162               0.00000000
                    0.172               0.00000000
                    0.182               0.00000000
                    0.192               0.00000000
                    0.202               0.00000000
                    0.212               0.00000000
                    0.222               0.00000000
                    0.232               0.00000000
                    0.242               0.00000000
                    0.253               0.00000000
                    0.263               0.00000000
                    0.273               0.00000000
                    0.283               0.00000000
                    0.293               0.00000000
                    0.303               0.00000000
                    0.313               0.00000000
                    0.323               0.00000000
                    0.333               0.00000000
                    0.343               0.00000000
                    0.354               0.00000000
                    0.364               0.00000000
                    0.374               0.00000000
                    0.384               0.00000000
                    0.394               0.00000000
                    0.404               0.00000000
                    0.414               0.00000000
                    0.424               0.00000000
                    0.434               0.00000000
                    0.444               0.00000000
                    0.455               0.00000000
                    0.465               0.00000000
                    0.475               0.00000000
                    0.485               0.00000000
                    0.495               0.00000000
                    0.505               0.00000000
                    0.515               0.00000000
                    0.525               0.00000000
                    0.535               0.00000000
                    0.545               0.00000000
                    0.556               0.00000000
                    0.566               0.00000000
                    0.576               0.00000000
                    0.586               0.00000000
                    0.596               0.00000000
                    0.606               0.00000000
                    0.616               0.00000000
                    0.626               0.00000000
                    0.636               0.00000000
                    0.646               0.00000000
                    0.657               0.00000000
                    0.667               0.00000000
                    0.677               0.00000000
                    0.687               0.00000000
                    0.697               0.00000000
                    0.707               0.00000000
                    0.717               0.00000000
                    0.727               0.00000000
                    0.737               0.00000000
                    0.747               0.00000000
                    0.758               0.00000000
                    0.768               0.00000000
                    0.778               0.00000000
                    0.788               0.00000000
                    0.798               0.00000000
                    0.808               0.00000000
                    0.818               0.00000000
                    0.828               0.00000000
                    0.838               0.00000000
                    0.848               0.00000000
                    0.859               0.00000000
                    0.869               0.00000000
                    0.879               0.00000000
                    0.889               0.00000000
                    0.899               0.00000000
                    0.909               0.00000000
                    0.919               0.00000000
                    0.929               0.00000000
                    0.939               0.00000000
                    0.949               0.00000000
                    0.960               0.00000000
                    0.970               0.00000000
                    0.980               0.00000000
                    0.990               0.00000000
                    1.000               0.00000000
