              0     0.00000000
          0.001     0.00895912
          0.002     0.01781904
          0.003     0.02658074
          0.004     0.03524521
          0.005     0.04381341
          0.006     0.05228629
          0.007     0.06066482
          0.008     0.06894993
          0.009     0.07714255
          0.010     0.08524360
          0.011     0.09325399
          0.012     0.10117463
          0.013     0.10900641
          0.014     0.11675021
          0.015     0.12440692
          0.016     0.13197739
          0.017     0.13946249
          0.018     0.14686307
          0.019     0.15417998
          0.020     0.16141403
          0.021     0.16856606
          0.022     0.17563689
          0.023     0.18262732
          0.024     0.18953816
          0.025     0.19637020
          0.026     0.20312422
          0.027     0.20980100
          0.028     0.21640130
          0.029     0.22292590
          0.030     0.22937555
          0.031     0.23575098
          0.032     0.24205295
          0.033     0.24828218
          0.034     0.25443939
          0.035     0.26052531
          0.036     0.26654064
          0.037     0.27248609
          0.038     0.27836236
          0.039     0.28417012
          0.040     0.28991007
          0.041     0.29558289
          0.042     0.30118922
          0.043     0.30672976
          0.044     0.31220513
          0.045     0.31761600
          0.046     0.32296301
          0.047     0.32824680
          0.048     0.33346798
          0.049     0.33862720
          0.050     0.34372506
          0.051     0.34876217
          0.052     0.35373914
          0.053     0.35865658
          0.054     0.36351506
          0.055     0.36831519
          0.056     0.37305753
          0.057     0.37774267
          0.058     0.38237118
          0.059     0.38694362
          0.060     0.39146055
          0.061     0.39592252
          0.062     0.40033007
          0.063     0.40468376
          0.064     0.40898412
          0.065     0.41323167
          0.066     0.41742695
          0.067     0.42157047
          0.068     0.42566276
          0.069     0.42970431
          0.070     0.43369564
          0.071     0.43763725
          0.072     0.44152963
          0.073     0.44537327
          0.074     0.44916866
          0.075     0.45291628
          0.076     0.45661660
          0.077     0.46027009
          0.078     0.46387723
          0.079     0.46743847
          0.080     0.47095427
          0.081     0.47442508
          0.082     0.47785136
          0.083     0.48123354
          0.084     0.48457206
          0.085     0.48786736
          0.086     0.49111987
          0.087     0.49433001
          0.088     0.49749821
          0.089     0.50062489
          0.090     0.50371045
          0.091     0.50675532
          0.092     0.50975988
          0.093     0.51272455
          0.094     0.51564973
          0.095     0.51853580
          0.096     0.52138315
          0.097     0.52419217
          0.098     0.52696325
          0.099     0.52969676
          0.100     0.53239307
          0.101     0.53505255
          0.102     0.53767558
          0.103     0.54026251
          0.104     0.54281371
          0.105     0.54532953
          0.106     0.54781032
          0.107     0.55025643
          0.108     0.55266821
          0.109     0.55504599
          0.110     0.55739013
          0.111     0.55970095
          0.112     0.56197878
          0.113     0.56422395
          0.114     0.56643680
          0.115     0.56861763
          0.116     0.57076677
          0.117     0.57288454
          0.118     0.57497124
          0.119     0.57702719
          0.120     0.57905270
          0.121     0.58104806
          0.122     0.58301358
          0.123     0.58494955
          0.124     0.58685627
          0.125     0.58873402
          0.126     0.59058311
          0.127     0.59240381
          0.128     0.59419640
          0.129     0.59596118
          0.130     0.59769840
          0.131     0.59940835
          0.132     0.60109130
          0.133     0.60274752
          0.134     0.60437728
          0.135     0.60598083
          0.136     0.60755844
          0.137     0.60911037
          0.138     0.61063687
          0.139     0.61213819
          0.140     0.61361460
          0.141     0.61506633
          0.142     0.61649363
          0.143     0.61789674
          0.144     0.61927591
          0.145     0.62063138
          0.146     0.62196337
          0.147     0.62327213
          0.148     0.62455788
          0.149     0.62582086
          0.150     0.62706129
          0.151     0.62827939
          0.152     0.62947539
          0.153     0.63064951
          0.154     0.63180197
          0.155     0.63293297
          0.156     0.63404275
          0.157     0.63513150
          0.158     0.63619943
          0.159     0.63724676
          0.160     0.63827369
          0.161     0.63928042
          0.162     0.64026716
          0.163     0.64123409
          0.164     0.64218143
          0.165     0.64310936
          0.166     0.64401808
          0.167     0.64490778
          0.168     0.64577865
          0.169     0.64663087
          0.170     0.64746464
          0.171     0.64828013
          0.172     0.64907753
          0.173     0.64985702
          0.174     0.65061878
          0.175     0.65136298
          0.176     0.65208979
          0.177     0.65279940
          0.178     0.65349197
          0.179     0.65416768
          0.180     0.65482668
          0.181     0.65546915
          0.182     0.65609525
          0.183     0.65670515
          0.184     0.65729900
          0.185     0.65787697
          0.186     0.65843921
          0.187     0.65898588
          0.188     0.65951714
          0.189     0.66003313
          0.190     0.66053402
          0.191     0.66101995
          0.192     0.66149107
          0.193     0.66194753
          0.194     0.66238947
          0.195     0.66281704
          0.196     0.66323038
          0.197     0.66362963
          0.198     0.66401494
          0.199     0.66438644
          0.200     0.66474428
          0.201     0.66508857
          0.202     0.66541947
          0.203     0.66573711
          0.204     0.66604161
          0.205     0.66633311
          0.206     0.66661173
          0.207     0.66687761
          0.208     0.66713088
          0.209     0.66737165
          0.210     0.66760005
          0.211     0.66781621
          0.212     0.66802025
          0.213     0.66821228
          0.214     0.66839243
          0.215     0.66856082
          0.216     0.66871756
          0.217     0.66886277
          0.218     0.66899657
          0.219     0.66911906
          0.220     0.66923036
          0.221     0.66933059
          0.222     0.66941984
          0.223     0.66949824
          0.224     0.66956589
          0.225     0.66962289
          0.226     0.66966936
          0.227     0.66970540
          0.228     0.66973110
          0.229     0.66974658
          0.230     0.66975194
          0.231     0.66974727
          0.232     0.66973268
          0.233     0.66970827
          0.234     0.66967413
          0.235     0.66963036
          0.236     0.66957706
          0.237     0.66951432
          0.238     0.66944223
          0.239     0.66936089
          0.240     0.66927039
          0.241     0.66917083
          0.242     0.66906228
          0.243     0.66894485
          0.244     0.66881862
          0.245     0.66868367
          0.246     0.66854010
          0.247     0.66838799
          0.248     0.66822743
          0.249     0.66805850
          0.250     0.66788127
          0.251     0.66769585
          0.252     0.66750230
          0.253     0.66730071
          0.254     0.66709116
          0.255     0.66687372
          0.256     0.66664848
          0.257     0.66641552
          0.258     0.66617490
          0.259     0.66592672
          0.260     0.66567103
          0.261     0.66540792
          0.262     0.66513747
          0.263     0.66485973
          0.264     0.66457480
          0.265     0.66428273
          0.266     0.66398360
          0.267     0.66367748
          0.268     0.66336444
          0.269     0.66304455
          0.270     0.66271788
          0.271     0.66238449
          0.272     0.66204445
          0.273     0.66169783
          0.274     0.66134469
          0.275     0.66098510
          0.276     0.66061912
          0.277     0.66024681
          0.278     0.65986825
          0.279     0.65948348
          0.280     0.65909258
          0.281     0.65869560
          0.282     0.65829261
          0.283     0.65788366
          0.284     0.65746882
          0.285     0.65704813
          0.286     0.65662167
          0.287     0.65618948
          0.288     0.65575163
          0.289     0.65530818
          0.290     0.65485916
          0.291     0.65440466
          0.292     0.65394470
          0.293     0.65347936
          0.294     0.65300869
          0.295     0.65253273
          0.296     0.65205155
          0.297     0.65156519
          0.298     0.65107370
          0.299     0.65057714
          0.300     0.65007555
          0.301     0.64956899
          0.302     0.64905751
          0.303     0.64854115
          0.304     0.64801996
          0.305     0.64749400
          0.306     0.64696330
          0.307     0.64642793
          0.308     0.64588791
          0.309     0.64534330
          0.310     0.64479415
          0.311     0.64424050
          0.312     0.64368239
          0.313     0.64311987
          0.314     0.64255299
          0.315     0.64198178
          0.316     0.64140629
          0.317     0.64082656
          0.318     0.64024264
          0.319     0.63965457
          0.320     0.63906238
          0.321     0.63846612
          0.322     0.63786583
          0.323     0.63726155
          0.324     0.63665332
          0.325     0.63604117
          0.326     0.63542516
          0.327     0.63480531
          0.328     0.63418166
          0.329     0.63355426
          0.330     0.63292313
          0.331     0.63228833
          0.332     0.63164987
          0.333     0.63100781
          0.334     0.63036217
          0.335     0.62971299
          0.336     0.62906031
          0.337     0.62840415
          0.338     0.62774457
          0.339     0.62708158
          0.340     0.62641523
          0.341     0.62574555
          0.342     0.62507256
          0.343     0.62439631
          0.344     0.62371683
          0.345     0.62303414
          0.346     0.62234828
          0.347     0.62165929
          0.348     0.62096719
          0.349     0.62027201
          0.350     0.61957378
          0.351     0.61887254
          0.352     0.61816832
          0.353     0.61746114
          0.354     0.61675103
          0.355     0.61603803
          0.356     0.61532216
          0.357     0.61460345
          0.358     0.61388193
          0.359     0.61315762
          0.360     0.61243056
          0.361     0.61170078
          0.362     0.61096829
          0.363     0.61023312
          0.364     0.60949531
          0.365     0.60875488
          0.366     0.60801186
          0.367     0.60726626
          0.368     0.60651812
          0.369     0.60576747
          0.370     0.60501432
          0.371     0.60425870
          0.372     0.60350064
          0.373     0.60274016
          0.374     0.60197728
          0.375     0.60121204
          0.376     0.60044444
          0.377     0.59967452
          0.378     0.59890230
          0.379     0.59812780
          0.380     0.59735105
          0.381     0.59657206
          0.382     0.59579086
          0.383     0.59500748
          0.384     0.59422192
          0.385     0.59343423
          0.386     0.59264440
          0.387     0.59185248
          0.388     0.59105847
          0.389     0.59026240
          0.390     0.58946429
          0.391     0.58866416
          0.392     0.58786203
          0.393     0.58705792
          0.394     0.58625185
          0.395     0.58544384
          0.396     0.58463390
          0.397     0.58382206
          0.398     0.58300834
          0.399     0.58219276
          0.400     0.58137533
          0.401     0.58055607
          0.402     0.57973500
          0.403     0.57891214
          0.404     0.57808750
          0.405     0.57726111
          0.406     0.57643298
          0.407     0.57560313
          0.408     0.57477158
          0.409     0.57393834
          0.410     0.57310342
          0.411     0.57226686
          0.412     0.57142865
          0.413     0.57058883
          0.414     0.56974740
          0.415     0.56890438
          0.416     0.56805979
          0.417     0.56721364
          0.418     0.56636595
          0.419     0.56551673
          0.420     0.56466600
          0.421     0.56381378
          0.422     0.56296007
          0.423     0.56210490
          0.424     0.56124827
          0.425     0.56039021
          0.426     0.55953072
          0.427     0.55866983
          0.428     0.55780754
          0.429     0.55694387
          0.430     0.55607883
          0.431     0.55521244
          0.432     0.55434471
          0.433     0.55347565
          0.434     0.55260527
          0.435     0.55173360
          0.436     0.55086064
          0.437     0.54998640
          0.438     0.54911090
          0.439     0.54823416
          0.440     0.54735617
          0.441     0.54647696
          0.442     0.54559654
          0.443     0.54471492
          0.444     0.54383210
          0.445     0.54294812
          0.446     0.54206296
          0.447     0.54117666
          0.448     0.54028921
          0.449     0.53940063
          0.450     0.53851093
          0.451     0.53762013
          0.452     0.53672822
          0.453     0.53583523
          0.454     0.53494117
          0.455     0.53404604
          0.456     0.53314985
          0.457     0.53225263
          0.458     0.53135437
          0.459     0.53045508
          0.460     0.52955479
          0.461     0.52865349
          0.462     0.52775120
          0.463     0.52684792
          0.464     0.52594368
          0.465     0.52503847
          0.466     0.52413230
          0.467     0.52322520
          0.468     0.52231715
          0.469     0.52140819
          0.470     0.52049830
          0.471     0.51958751
          0.472     0.51867582
          0.473     0.51776324
          0.474     0.51684978
          0.475     0.51593545
          0.476     0.51502026
          0.477     0.51410422
          0.478     0.51318732
          0.479     0.51226959
          0.480     0.51135103
          0.481     0.51043165
          0.482     0.50951146
          0.483     0.50859047
          0.484     0.50766867
          0.485     0.50674609
          0.486     0.50582273
          0.487     0.50489859
          0.488     0.50397369
          0.489     0.50304804
          0.490     0.50212163
          0.491     0.50119448
          0.492     0.50026660
          0.493     0.49933798
          0.494     0.49840865
          0.495     0.49747860
          0.496     0.49654785
          0.497     0.49561640
          0.498     0.49468425
          0.499     0.49375142
          0.501     0.49281791
          0.502     0.49188373
          0.503     0.49094889
          0.504     0.49001339
          0.505     0.48907723
          0.506     0.48814043
          0.507     0.48720299
          0.508     0.48626492
          0.509     0.48532622
          0.510     0.48438690
          0.511     0.48344697
          0.512     0.48250642
          0.513     0.48156528
          0.514     0.48062354
          0.515     0.47968122
          0.516     0.47873830
          0.517     0.47779481
          0.518     0.47685075
          0.519     0.47590612
          0.520     0.47496093
          0.521     0.47401519
          0.522     0.47306889
          0.523     0.47212205
          0.524     0.47117467
          0.525     0.47022676
          0.526     0.46927832
          0.527     0.46832936
          0.528     0.46737987
          0.529     0.46642988
          0.530     0.46547938
          0.531     0.46452837
          0.532     0.46357687
          0.533     0.46262488
          0.534     0.46167239
          0.535     0.46071943
          0.536     0.45976599
          0.537     0.45881207
          0.538     0.45785769
          0.539     0.45690284
          0.540     0.45594753
          0.541     0.45499177
          0.542     0.45403555
          0.543     0.45307890
          0.544     0.45212180
          0.545     0.45116426
          0.546     0.45020629
          0.547     0.44924790
          0.548     0.44828907
          0.549     0.44732983
          0.550     0.44637018
          0.551     0.44541011
          0.552     0.44444964
          0.553     0.44348876
          0.554     0.44252748
          0.555     0.44156581
          0.556     0.44060375
          0.557     0.43964130
          0.558     0.43867846
          0.559     0.43771525
          0.560     0.43675166
          0.561     0.43578770
          0.562     0.43482337
          0.563     0.43385867
          0.564     0.43289361
          0.565     0.43192820
          0.566     0.43096243
          0.567     0.42999631
          0.568     0.42902985
          0.569     0.42806304
          0.570     0.42709589
          0.571     0.42612840
          0.572     0.42516059
          0.573     0.42419244
          0.574     0.42322396
          0.575     0.42225516
          0.576     0.42128604
          0.577     0.42031660
          0.578     0.41934685
          0.579     0.41837679
          0.580     0.41740642
          0.581     0.41643575
          0.582     0.41546477
          0.583     0.41449350
          0.584     0.41352193
          0.585     0.41255007
          0.586     0.41157792
          0.587     0.41060548
          0.588     0.40963275
          0.589     0.40865975
          0.590     0.40768647
          0.591     0.40671291
          0.592     0.40573908
          0.593     0.40476498
          0.594     0.40379061
          0.595     0.40281597
          0.596     0.40184108
          0.597     0.40086592
          0.598     0.39989051
          0.599     0.39891484
          0.600     0.39793893
          0.601     0.39696276
          0.602     0.39598634
          0.603     0.39500968
          0.604     0.39403278
          0.605     0.39305564
          0.606     0.39207826
          0.607     0.39110065
          0.608     0.39012280
          0.609     0.38914473
          0.610     0.38816643
          0.611     0.38718790
          0.612     0.38620914
          0.613     0.38523017
          0.614     0.38425098
          0.615     0.38327157
          0.616     0.38229195
          0.617     0.38131211
          0.618     0.38033206
          0.619     0.37935181
          0.620     0.37837135
          0.621     0.37739068
          0.622     0.37640981
          0.623     0.37542875
          0.624     0.37444748
          0.625     0.37346602
          0.626     0.37248436
          0.627     0.37150252
          0.628     0.37052048
          0.629     0.36953825
          0.630     0.36855584
          0.631     0.36757324
          0.632     0.36659046
          0.633     0.36560750
          0.634     0.36462436
          0.635     0.36364104
          0.636     0.36265754
          0.637     0.36167387
          0.638     0.36069003
          0.639     0.35970602
          0.640     0.35872184
          0.641     0.35773750
          0.642     0.35675299
          0.643     0.35576831
          0.644     0.35478347
          0.645     0.35379847
          0.646     0.35281332
          0.647     0.35182800
          0.648     0.35084253
          0.649     0.34985691
          0.650     0.34887113
          0.651     0.34788520
          0.652     0.34689912
          0.653     0.34591290
          0.654     0.34492652
          0.655     0.34394000
          0.656     0.34295334
          0.657     0.34196654
          0.658     0.34097959
          0.659     0.33999251
          0.660     0.33900528
          0.661     0.33801792
          0.662     0.33703043
          0.663     0.33604280
          0.664     0.33505504
          0.665     0.33406714
          0.666     0.33307912
          0.667     0.33209097
          0.668     0.33110269
          0.669     0.33011428
          0.670     0.32912575
          0.671     0.32813709
          0.672     0.32714832
          0.673     0.32615942
          0.674     0.32517040
          0.675     0.32418126
          0.676     0.32319201
          0.677     0.32220263
          0.678     0.32121315
          0.679     0.32022354
          0.680     0.31923383
          0.681     0.31824400
          0.682     0.31725407
          0.683     0.31626402
          0.684     0.31527386
          0.685     0.31428360
          0.686     0.31329323
          0.687     0.31230275
          0.688     0.31131217
          0.689     0.31032149
          0.690     0.30933070
          0.691     0.30833982
          0.692     0.30734883
          0.693     0.30635774
          0.694     0.30536656
          0.695     0.30437528
          0.696     0.30338390
          0.697     0.30239243
          0.698     0.30140086
          0.699     0.30040920
          0.700     0.29941744
          0.701     0.29842560
          0.702     0.29743366
          0.703     0.29644163
          0.704     0.29544952
          0.705     0.29445731
          0.706     0.29346502
          0.707     0.29247265
          0.708     0.29148018
          0.709     0.29048764
          0.710     0.28949501
          0.711     0.28850229
          0.712     0.28750950
          0.713     0.28651662
          0.714     0.28552366
          0.715     0.28453063
          0.716     0.28353751
          0.717     0.28254432
          0.718     0.28155105
          0.719     0.28055770
          0.720     0.27956427
          0.721     0.27857078
          0.722     0.27757720
          0.723     0.27658356
          0.724     0.27558984
          0.725     0.27459605
          0.726     0.27360218
          0.727     0.27260825
          0.728     0.27161425
          0.729     0.27062017
          0.730     0.26962603
          0.731     0.26863182
          0.732     0.26763755
          0.733     0.26664321
          0.734     0.26564880
          0.735     0.26465432
          0.736     0.26365978
          0.737     0.26266518
          0.738     0.26167052
          0.739     0.26067579
          0.740     0.25968100
          0.741     0.25868615
          0.742     0.25769123
          0.743     0.25669626
          0.744     0.25570123
          0.745     0.25470614
          0.746     0.25371099
          0.747     0.25271578
          0.748     0.25172052
          0.749     0.25072520
          0.750     0.24972982
          0.751     0.24873439
          0.752     0.24773890
          0.753     0.24674336
          0.754     0.24574776
          0.755     0.24475211
          0.756     0.24375641
          0.757     0.24276065
          0.758     0.24176484
          0.759     0.24076899
          0.760     0.23977308
          0.761     0.23877712
          0.762     0.23778111
          0.763     0.23678505
          0.764     0.23578895
          0.765     0.23479279
          0.766     0.23379659
          0.767     0.23280034
          0.768     0.23180404
          0.769     0.23080770
          0.770     0.22981131
          0.771     0.22881487
          0.772     0.22781839
          0.773     0.22682187
          0.774     0.22582530
          0.775     0.22482869
          0.776     0.22383203
          0.777     0.22283533
          0.778     0.22183859
          0.779     0.22084181
          0.780     0.21984498
          0.781     0.21884812
          0.782     0.21785121
          0.783     0.21685427
          0.784     0.21585728
          0.785     0.21486025
          0.786     0.21386319
          0.787     0.21286608
          0.788     0.21186894
          0.789     0.21087176
          0.790     0.20987454
          0.791     0.20887729
          0.792     0.20788000
          0.793     0.20688267
          0.794     0.20588530
          0.795     0.20488790
          0.796     0.20389047
          0.797     0.20289300
          0.798     0.20189549
          0.799     0.20089795
          0.800     0.19990038
          0.801     0.19890277
          0.802     0.19790513
          0.803     0.19690745
          0.804     0.19590975
          0.805     0.19491201
          0.806     0.19391424
          0.807     0.19291643
          0.808     0.19191860
          0.809     0.19092073
          0.810     0.18992284
          0.811     0.18892491
          0.812     0.18792696
          0.813     0.18692897
          0.814     0.18593095
          0.815     0.18493291
          0.816     0.18393483
          0.817     0.18293673
          0.818     0.18193860
          0.819     0.18094044
          0.820     0.17994225
          0.821     0.17894404
          0.822     0.17794579
          0.823     0.17694752
          0.824     0.17594923
          0.825     0.17495091
          0.826     0.17395256
          0.827     0.17295418
          0.828     0.17195578
          0.829     0.17095736
          0.830     0.16995890
          0.831     0.16896043
          0.832     0.16796193
          0.833     0.16696340
          0.834     0.16596485
          0.835     0.16496628
          0.836     0.16396768
          0.837     0.16296906
          0.838     0.16197042
          0.839     0.16097175
          0.840     0.15997306
          0.841     0.15897435
          0.842     0.15797561
          0.843     0.15697686
          0.844     0.15597808
          0.845     0.15497928
          0.846     0.15398046
          0.847     0.15298161
          0.848     0.15198275
          0.849     0.15098386
          0.850     0.14998496
          0.851     0.14898603
          0.852     0.14798709
          0.853     0.14698812
          0.854     0.14598913
          0.855     0.14499013
          0.856     0.14399110
          0.857     0.14299206
          0.858     0.14199300
          0.859     0.14099391
          0.860     0.13999481
          0.861     0.13899569
          0.862     0.13799656
          0.863     0.13699740
          0.864     0.13599823
          0.865     0.13499904
          0.866     0.13399983
          0.867     0.13300060
          0.868     0.13200136
          0.869     0.13100210
          0.870     0.13000282
          0.871     0.12900353
          0.872     0.12800421
          0.873     0.12700489
          0.874     0.12600554
          0.875     0.12500618
          0.876     0.12400681
          0.877     0.12300742
          0.878     0.12200801
          0.879     0.12100859
          0.880     0.12000915
          0.881     0.11900970
          0.882     0.11801023
          0.883     0.11701075
          0.884     0.11601125
          0.885     0.11501174
          0.886     0.11401222
          0.887     0.11301268
          0.888     0.11201312
          0.889     0.11101355
          0.890     0.11001397
          0.891     0.10901438
          0.892     0.10801477
          0.893     0.10701514
          0.894     0.10601551
          0.895     0.10501586
          0.896     0.10401620
          0.897     0.10301652
          0.898     0.10201684
          0.899     0.10101713
          0.900     0.10001742
          0.901     0.09901770
          0.902     0.09801796
          0.903     0.09701821
          0.904     0.09601845
          0.905     0.09501867
          0.906     0.09401889
          0.907     0.09301909
          0.908     0.09201928
          0.909     0.09101946
          0.910     0.09001963
          0.911     0.08901979
          0.912     0.08801994
          0.913     0.08702007
          0.914     0.08602020
          0.915     0.08502031
          0.916     0.08402042
          0.917     0.08302051
          0.918     0.08202059
          0.919     0.08102066
          0.920     0.08002072
          0.921     0.07902078
          0.922     0.07802082
          0.923     0.07702085
          0.924     0.07602087
          0.925     0.07502088
          0.926     0.07402089
          0.927     0.07302088
          0.928     0.07202086
          0.929     0.07102084
          0.930     0.07002080
          0.931     0.06902076
          0.932     0.06802070
          0.933     0.06702064
          0.934     0.06602057
          0.935     0.06502049
          0.936     0.06402040
          0.937     0.06302030
          0.938     0.06202020
          0.939     0.06102008
          0.940     0.06001996
          0.941     0.05901983
          0.942     0.05801969
          0.943     0.05701954
          0.944     0.05601939
          0.945     0.05501922
          0.946     0.05401905
          0.947     0.05301887
          0.948     0.05201869
          0.949     0.05101849
          0.950     0.05001829
          0.951     0.04901808
          0.952     0.04801786
          0.953     0.04701764
          0.954     0.04601741
          0.955     0.04501717
          0.956     0.04401692
          0.957     0.04301667
          0.958     0.04201641
          0.959     0.04101614
          0.960     0.04001587
          0.961     0.03901559
          0.962     0.03801530
          0.963     0.03701500
          0.964     0.03601470
          0.965     0.03501440
          0.966     0.03401408
          0.967     0.03301376
          0.968     0.03201344
          0.969     0.03101310
          0.970     0.03001276
          0.971     0.02901242
          0.972     0.02801207
          0.973     0.02701171
          0.974     0.02601135
          0.975     0.02501098
          0.976     0.02401060
          0.977     0.02301022
          0.978     0.02200984
          0.979     0.02100945
          0.980     0.02000905
          0.981     0.01900865
          0.982     0.01800824
          0.983     0.01700782
          0.984     0.01600740
          0.985     0.01500698
          0.986     0.01400655
          0.987     0.01300611
          0.988     0.01200567
          0.989     0.01100523
          0.990     0.01000478
          0.991     0.00900432
          0.992     0.00800386
          0.993     0.00700339
          0.994     0.00600292
          0.995     0.00500245
          0.996     0.00400197
          0.997     0.00300148
          0.998     0.00200099
          0.999     0.00100050
          1.000     0.00000000
