                  omega_v                        N
                      0.2                       90
                 0.202002                       90
                 0.204003                       89
                 0.206005                       88
                 0.208007                       78
                 0.210009                       65
                  0.21201                       39
                 0.214012                       28
                 0.216014                       32
                 0.218016                       42
                 0.220017                       75
                 0.222019                       97
                 0.224021                       98
                 0.226023                       98
                 0.228024                       98
                 0.230026                       98
                 0.232028                       98
                  0.23403                       98
                 0.236031                       98
                 0.238033                       98
                 0.240035                       98
                 0.242037                       98
                 0.244038                       98
                  0.24604                       98
                 0.248042                       98
                 0.250044                       98
                 0.252045                       98
                 0.254047                       97
                 0.256049                       97
                  0.25805                       97
                 0.260052                       97
                 0.262054                       97
                 0.264056                       97
                 0.266057                       97
                 0.268059                       97
                 0.270061                       97
                 0.272063                       97
                 0.274064                       97
                 0.276066                       97
                 0.278068                       97
                  0.28007                       97
                 0.282071                       97
                 0.284073                       97
                 0.286075                       97
                 0.288077                       97
                 0.290078                       97
                  0.29208                       97
                 0.294082                       97
                 0.296084                       97
                 0.298085                       97
                 0.300087                       97
                 0.302089                       97
                 0.304091                       97
                 0.306092                       97
                 0.308094                       97
                 0.310096                       97
                 0.312097                       97
                 0.314099                       97
                 0.316101                       97
                 0.318103                       97
                 0.320104                       97
                 0.322106                       97
                 0.324108                       97
                  0.32611                       97
                 0.328111                       97
                 0.330113                       97
                 0.332115                       97
                 0.334117                       97
                 0.336118                       97
                  0.33812                       97
                 0.340122                       97
                 0.342124                       97
                 0.344125                       97
                 0.346127                       97
                 0.348129                       97
                 0.350131                       97
                 0.352132                       97
                 0.354134                       97
                 0.356136                       97
                 0.358138                       97
                 0.360139                       97
                 0.362141                       97
                 0.364143                       97
                 0.366144                       97
                 0.368146                       97
                 0.370148                       97
                  0.37215                       97
                 0.374151                       97
                 0.376153                       97
                 0.378155                       97
                 0.380157                       96
                 0.382158                       96
                  0.38416                       96
                 0.386162                       94
                 0.388164                       93
                 0.390165                       89
                 0.392167                       83
                 0.394169                       44
                 0.396171                        9
                 0.398172                        2
                 0.400174                        1
                 0.402176                        0
                 0.404178                        0
                 0.406179                        0
                 0.408181                        0
                 0.410183                        0
                 0.412185                        0
                 0.414186                        0
                 0.416188                        0
                  0.41819                        0
                 0.420191                        0
                 0.422193                        0
                 0.424195                        0
                 0.426197                        0
                 0.428198                        0
                   0.4302                        0
                 0.432202                        0
                 0.434204                        0
                 0.436205                        0
                 0.438207                        0
                 0.440209                        0
                 0.442211                        0
                 0.444212                        0
                 0.446214                        0
                 0.448216                        0
                 0.450218                        0
                 0.452219                        0
                 0.454221                        0
                 0.456223                        0
                 0.458225                        0
                 0.460226                        0
                 0.462228                        0
                  0.46423                        1
                 0.466232                        0
                 0.468233                        0
                 0.470235                        0
                 0.472237                        0
                 0.474238                        0
                  0.47624                        0
                 0.478242                        2
                 0.480244                        5
                 0.482245                       16
                 0.484247                       29
                 0.486249                       38
                 0.488251                       47
                 0.490252                       53
                 0.492254                       57
                 0.494256                       59
                 0.496258                       65
                 0.498259                       65
                 0.500261                       66
                 0.502263                       67
                 0.504265                       67
                 0.506266                       70
                 0.508268                       75
                  0.51027                       76
                 0.512272                       76
                 0.514273                       77
                 0.516275                       80
                 0.518277                       80
                 0.520279                       82
                  0.52228                       83
                 0.524282                       85
                 0.526284                       86
                 0.528285                       86
                 0.530287                       88
                 0.532289                       88
                 0.534291                       88
                 0.536292                       88
                 0.538294                       88
                 0.540296                       88
                 0.542298                       89
                 0.544299                       89
                 0.546301                       89
                 0.548303                       89
                 0.550305                       89
                 0.552306                       90
                 0.554308                       90
                  0.55631                       90
                 0.558312                       90
                 0.560313                       90
                 0.562315                       90
                 0.564317                       90
                 0.566319                       90
                  0.56832                       90
                 0.570322                       90
                 0.572324                       90
                 0.574326                       90
                 0.576327                       90
                 0.578329                       90
                 0.580331                       90
                 0.582332                       90
                 0.584334                       90
                 0.586336                       91
                 0.588338                       91
                 0.590339                       91
                 0.592341                       91
                 0.594343                       91
                 0.596345                       91
                 0.598346                       92
                 0.600348                       91
                  0.60235                       92
                 0.604352                       92
                 0.606353                       92
                 0.608355                       92
                 0.610357                       92
                 0.612359                       92
                  0.61436                       92
                 0.616362                       92
                 0.618364                       92
                 0.620366                       92
                 0.622367                       92
                 0.624369                       92
                 0.626371                       92
                 0.628372                       92
                 0.630374                       92
                 0.632376                       92
                 0.634378                       92
                 0.636379                       92
                 0.638381                       92
                 0.640383                       93
                 0.642385                       93
                 0.644386                       93
                 0.646388                       93
                  0.64839                       93
                 0.650392                       93
                 0.652393                       93
                 0.654395                       94
                 0.656397                       93
                 0.658399                       94
                   0.6604                       94
                 0.662402                       96
                 0.664404                       96
                 0.666406                       96
                 0.668407                       96
                 0.670409                       96
                 0.672411                       96
                 0.674413                       96
                 0.676414                       96
                 0.678416                       96
                 0.680418                       96
                 0.682419                       96
                 0.684421                       96
                 0.686423                       96
                 0.688425                       96
                 0.690426                       96
                 0.692428                       96
                  0.69443                       96
                 0.696432                       96
                 0.698433                       96
                 0.700435                       96
                 0.702437                       96
                 0.704439                       96
                  0.70644                       96
                 0.708442                       96
                 0.710444                       96
                 0.712446                       96
                 0.714447                       96
                 0.716449                       96
                 0.718451                       96
                 0.720453                       96
                 0.722454                       96
                 0.724456                       96
                 0.726458                       96
                  0.72846                       96
                 0.730461                       96
                 0.732463                       96
                 0.734465                       96
                 0.736466                       96
                 0.738468                       96
                  0.74047                       96
                 0.742472                       96
                 0.744473                       96
                 0.746475                       96
                 0.748477                       96
                 0.750479                       96
                  0.75248                       96
                 0.754482                       96
                 0.756484                       96
                 0.758486                       96
                 0.760487                       96
                 0.762489                       96
                 0.764491                       96
                 0.766493                       96
                 0.768494                       96
                 0.770496                       96
                 0.772498                       96
                   0.7745                       96
                 0.776501                       96
                 0.778503                       96
                 0.780505                       96
                 0.782507                       96
                 0.784508                       96
                  0.78651                       96
                 0.788512                       96
                 0.790513                       96
                 0.792515                       96
                 0.794517                       96
                 0.796519                       96
                  0.79852                       96
                 0.800522                       96
                 0.802524                       96
                 0.804526                       96
                 0.806527                       96
                 0.808529                       96
                 0.810531                       96
                 0.812533                       96
                 0.814534                       96
                 0.816536                       96
                 0.818538                       96
                  0.82054                       96
                 0.822541                       96
                 0.824543                       96
                 0.826545                       96
                 0.828547                       96
                 0.830548                       96
                  0.83255                       96
                 0.834552                       96
                 0.836554                       96
                 0.838555                       96
                 0.840557                       96
                 0.842559                       96
                  0.84456                       96
                 0.846562                       96
                 0.848564                       96
                 0.850566                       96
                 0.852567                       96
                 0.854569                       96
                 0.856571                       96
                 0.858573                       96
                 0.860574                       96
                 0.862576                       96
                 0.864578                       96
                  0.86658                       96
                 0.868581                       96
                 0.870583                       96
                 0.872585                       96
                 0.874587                       96
                 0.876588                       96
                  0.87859                       96
                 0.880592                       96
                 0.882594                       96
                 0.884595                       96
                 0.886597                       96
                 0.888599                       96
                 0.890601                       96
                 0.892602                       96
                 0.894604                       96
                 0.896606                       96
                 0.898607                       96
                 0.900609                       96
                 0.902611                       96
                 0.904613                       96
                 0.906614                       96
                 0.908616                       96
                 0.910618                       96
                  0.91262                       96
                 0.914621                       96
                 0.916623                       96
                 0.918625                       96
                 0.920627                       96
                 0.922628                       96
                  0.92463                       96
                 0.926632                       96
                 0.928634                       96
                 0.930635                       96
                 0.932637                       96
                 0.934639                       96
                 0.936641                       96
                 0.938642                       96
                 0.940644                       96
                 0.942646                       96
                 0.944648                       96
                 0.946649                       96
                 0.948651                       96
                 0.950653                       96
                 0.952654                       96
                 0.954656                       96
                 0.956658                       96
                  0.95866                       96
                 0.960661                       96
                 0.962663                       96
                 0.964665                       96
                 0.966667                       96
                 0.968668                       96
                  0.97067                       96
                 0.972672                       96
                 0.974674                       96
                 0.976675                       96
                 0.978677                       96
                 0.980679                       96
                 0.982681                       96
                 0.984682                       96
                 0.986684                       96
                 0.988686                       96
                 0.990688                       96
                 0.992689                       96
                 0.994691                       96
                 0.996693                       96
                 0.998695                       96
                   1.0007                       96
                   1.0027                       96
                   1.0047                       96
                   1.0067                       96
                   1.0087                       96
                   1.0107                       96
                  1.01271                       96
                  1.01471                       96
                  1.01671                       96
                  1.01871                       96
                  1.02071                       96
                  1.02272                       96
                  1.02472                       97
                  1.02672                       97
                  1.02872                       96
                  1.03072                       96
                  1.03272                       97
                  1.03473                       97
                  1.03673                       97
                  1.03873                       97
                  1.04073                       97
                  1.04273                       97
                  1.04473                       97
                  1.04674                       97
                  1.04874                       97
                  1.05074                       97
                  1.05274                       97
                  1.05474                       97
                  1.05674                       97
                  1.05875                       97
                  1.06075                       97
                  1.06275                       97
                  1.06475                       97
                  1.06675                       97
                  1.06876                       97
                  1.07076                       97
                  1.07276                       97
                  1.07476                       97
                  1.07676                       97
                  1.07876                       97
                  1.08077                       97
                  1.08277                       97
                  1.08477                       97
                  1.08677                       97
                  1.08877                       97
                  1.09077                       97
                  1.09278                       97
                  1.09478                       97
                  1.09678                       97
                  1.09878                       97
                  1.10078                       97
                  1.10279                       97
                  1.10479                       97
                  1.10679                       97
                  1.10879                       97
                  1.11079                       97
                  1.11279                       97
                   1.1148                       97
                   1.1168                       97
                   1.1188                       97
                   1.1208                       97
                   1.1228                       97
                   1.1248                       97
                  1.12681                       97
                  1.12881                       97
                  1.13081                       97
                  1.13281                       97
                  1.13481                       97
                  1.13681                       97
                  1.13882                       97
                  1.14082                       97
                  1.14282                       97
                  1.14482                       97
                  1.14682                       97
                  1.14883                       97
                  1.15083                       97
                  1.15283                       97
                  1.15483                       97
                  1.15683                       97
                  1.15883                       97
                  1.16084                       97
                  1.16284                       97
                  1.16484                       97
                  1.16684                       97
                  1.16884                       97
                  1.17084                       97
                  1.17285                       97
                  1.17485                       97
                  1.17685                       97
                  1.17885                       97
                  1.18085                       97
                  1.18285                       97
                  1.18486                       97
                  1.18686                       97
                  1.18886                       97
                  1.19086                       97
                  1.19286                       97
                  1.19487                       97
                  1.19687                       97
                  1.19887                       97
                  1.20087                       97
                  1.20287                       97
                  1.20487                       97
                  1.20688                       97
                  1.20888                       97
                  1.21088                       97
                  1.21288                       97
                  1.21488                       97
                  1.21688                       97
                  1.21889                       97
                  1.22089                       97
                  1.22289                       97
                  1.22489                       97
                  1.22689                       97
                  1.22889                       97
                   1.2309                       97
                   1.2329                       97
                   1.2349                       97
                   1.2369                       97
                   1.2389                       97
                  1.24091                       97
                  1.24291                       97
                  1.24491                       97
                  1.24691                       97
                  1.24891                       97
                  1.25091                       97
                  1.25292                       97
                  1.25492                       97
                  1.25692                       97
                  1.25892                       97
                  1.26092                       97
                  1.26292                       97
                  1.26493                       97
                  1.26693                       97
                  1.26893                       97
                  1.27093                       97
                  1.27293                       97
                  1.27493                       97
                  1.27694                       97
                  1.27894                       97
                  1.28094                       97
                  1.28294                       97
                  1.28494                       97
                  1.28695                       97
                  1.28895                       97
                  1.29095                       97
                  1.29295                       97
                  1.29495                       97
                  1.29695                       97
                  1.29896                       97
                  1.30096                       97
                  1.30296                       97
                  1.30496                       97
                  1.30696                       97
                  1.30896                       97
                  1.31097                       97
                  1.31297                       97
                  1.31497                       97
                  1.31697                       97
                  1.31897                       97
                  1.32097                       97
                  1.32298                       97
                  1.32498                       97
                  1.32698                       97
                  1.32898                       97
                  1.33098                       97
                  1.33299                       97
                  1.33499                       97
                  1.33699                       97
                  1.33899                       97
                  1.34099                       97
                  1.34299                       97
                    1.345                       97
                    1.347                       97
                    1.349                       97
                    1.351                       97
                    1.353                       97
                    1.355                       97
                  1.35701                       97
                  1.35901                       97
                  1.36101                       97
                  1.36301                       97
                  1.36501                       97
                  1.36701                       97
                  1.36902                       97
                  1.37102                       97
                  1.37302                       97
                  1.37502                       97
                  1.37702                       97
                  1.37903                       97
                  1.38103                       97
                  1.38303                       97
                  1.38503                       97
                  1.38703                       97
                  1.38903                       97
                  1.39104                       97
                  1.39304                       97
                  1.39504                       97
                  1.39704                       97
                  1.39904                       97
                  1.40104                       97
                  1.40305                       97
                  1.40505                       97
                  1.40705                       97
                  1.40905                       97
                  1.41105                       97
                  1.41305                       97
                  1.41506                       97
                  1.41706                       97
                  1.41906                       97
                  1.42106                       97
                  1.42306                       97
                  1.42507                       97
                  1.42707                       97
                  1.42907                       97
                  1.43107                       97
                  1.43307                       97
                  1.43507                       97
                  1.43708                       97
                  1.43908                       97
                  1.44108                       97
                  1.44308                       97
                  1.44508                       97
                  1.44708                       97
                  1.44909                       97
                  1.45109                       97
                  1.45309                       97
                  1.45509                       97
                  1.45709                       97
                  1.45909                       97
                   1.4611                       97
                   1.4631                       97
                   1.4651                       97
                   1.4671                       97
                   1.4691                       97
                  1.47111                       97
                  1.47311                       97
                  1.47511                       97
                  1.47711                       97
                  1.47911                       97
                  1.48111                       97
                  1.48312                       97
                  1.48512                       97
                  1.48712                       97
                  1.48912                       97
                  1.49112                       97
                  1.49312                       97
                  1.49513                       97
                  1.49713                       97
                  1.49913                       97
                  1.50113                       97
                  1.50313                       97
                  1.50513                       97
                  1.50714                       97
                  1.50914                       97
                  1.51114                       97
                  1.51314                       97
                  1.51514                       97
                  1.51715                       97
                  1.51915                       97
                  1.52115                       97
                  1.52315                       97
                  1.52515                       97
                  1.52715                       97
                  1.52916                       97
                  1.53116                       97
                  1.53316                       97
                  1.53516                       97
                  1.53716                       97
                  1.53916                       97
                  1.54117                       97
                  1.54317                       97
                  1.54517                       97
                  1.54717                       97
                  1.54917                       97
                  1.55117                       97
                  1.55318                       97
                  1.55518                       97
                  1.55718                       97
                  1.55918                       97
                  1.56118                       97
                  1.56319                       97
                  1.56519                       97
                  1.56719                       97
                  1.56919                       97
                  1.57119                       97
                  1.57319                       97
                   1.5752                       97
                   1.5772                       97
                   1.5792                       97
                   1.5812                       97
                   1.5832                       97
                   1.5852                       97
                  1.58721                       97
                  1.58921                       97
                  1.59121                       97
                  1.59321                       97
                  1.59521                       97
                  1.59721                       97
                  1.59922                       97
                  1.60122                       97
                  1.60322                       97
                  1.60522                       97
                  1.60722                       97
                  1.60923                       97
                  1.61123                       97
                  1.61323                       97
                  1.61523                       97
                  1.61723                       97
                  1.61923                       97
                  1.62124                       97
                  1.62324                       97
                  1.62524                       97
                  1.62724                       97
                  1.62924                       97
                  1.63124                       97
                  1.63325                       97
                  1.63525                       97
                  1.63725                       97
                  1.63925                       97
                  1.64125                       97
                  1.64326                       97
                  1.64526                       97
                  1.64726                       97
                  1.64926                       97
                  1.65126                       97
                  1.65326                       97
                  1.65527                       97
                  1.65727                       97
                  1.65927                       97
                  1.66127                       97
                  1.66327                       97
                  1.66527                       97
                  1.66728                       97
                  1.66928                       97
                  1.67128                       97
                  1.67328                       97
                  1.67528                       97
                  1.67728                       97
                  1.67929                       97
                  1.68129                       97
                  1.68329                       97
                  1.68529                       97
                  1.68729                       97
                   1.6893                       97
                   1.6913                       97
                   1.6933                       97
                   1.6953                       97
                   1.6973                       97
                   1.6993                       97
                  1.70131                       97
                  1.70331                       97
                  1.70531                       97
                  1.70731                       97
                  1.70931                       97
                  1.71131                       97
                  1.71332                       97
                  1.71532                       97
                  1.71732                       97
                  1.71932                       97
                  1.72132                       97
                  1.72332                       97
                  1.72533                       97
                  1.72733                       97
                  1.72933                       97
                  1.73133                       97
                  1.73333                       97
                  1.73534                       97
                  1.73734                       97
                  1.73934                       97
                  1.74134                       97
                  1.74334                       97
                  1.74534                       97
                  1.74735                       97
                  1.74935                       97
                  1.75135                       97
                  1.75335                       97
                  1.75535                       97
                  1.75735                       97
                  1.75936                       97
                  1.76136                       97
                  1.76336                       97
                  1.76536                       97
                  1.76736                       97
                  1.76936                       97
                  1.77137                       97
                  1.77337                       97
                  1.77537                       97
                  1.77737                       97
                  1.77937                       97
                  1.78138                       97
                  1.78338                       97
                  1.78538                       97
                  1.78738                       97
                  1.78938                       97
                  1.79138                       97
                  1.79339                       97
                  1.79539                       97
                  1.79739                       97
                  1.79939                       97
                  1.80139                       97
                  1.80339                       97
                   1.8054                       97
                   1.8074                       97
                   1.8094                       97
                   1.8114                       97
                   1.8134                       97
                   1.8154                       97
                  1.81741                       97
                  1.81941                       97
                  1.82141                       97
                  1.82341                       97
                  1.82541                       97
                  1.82742                       97
                  1.82942                       97
                  1.83142                       97
                  1.83342                       97
                  1.83542                       97
                  1.83742                       97
                  1.83943                       97
                  1.84143                       97
                  1.84343                       97
                  1.84543                       97
                  1.84743                       97
                  1.84943                       97
                  1.85144                       97
                  1.85344                       97
                  1.85544                       97
                  1.85744                       97
                  1.85944                       97
                  1.86144                       97
                  1.86345                       97
                  1.86545                       97
                  1.86745                       97
                  1.86945                       97
                  1.87145                       97
                  1.87346                       97
                  1.87546                       97
                  1.87746                       97
                  1.87946                       97
                  1.88146                       97
                  1.88346                       97
                  1.88547                       97
                  1.88747                       97
                  1.88947                       97
                  1.89147                       97
                  1.89347                       97
                  1.89547                       97
                  1.89748                       97
                  1.89948                       97
                  1.90148                       97
                  1.90348                       97
                  1.90548                       97
                  1.90748                       97
                  1.90949                       97
                  1.91149                       97
                  1.91349                       97
                  1.91549                       97
                  1.91749                       97
                   1.9195                       97
                   1.9215                       97
                   1.9235                       97
                   1.9255                       97
                   1.9275                       97
                   1.9295                       97
                  1.93151                       97
                  1.93351                       97
                  1.93551                       97
                  1.93751                       97
                  1.93951                       97
                  1.94151                       97
                  1.94352                       97
                  1.94552                       97
                  1.94752                       97
                  1.94952                       97
                  1.95152                       97
                  1.95352                       97
                  1.95553                       97
                  1.95753                       97
                  1.95953                       97
                  1.96153                       97
                  1.96353                       97
                  1.96554                       97
                  1.96754                       97
                  1.96954                       97
                  1.97154                       97
                  1.97354                       97
                  1.97554                       97
                  1.97755                       97
                  1.97955                       97
                  1.98155                       97
                  1.98355                       97
                  1.98555                       97
                  1.98755                       97
                  1.98956                       97
                  1.99156                       97
                  1.99356                       97
                  1.99556                       97
                  1.99756                       97
                  1.99956                       97
                  2.00157                       97
                  2.00357                       97
                  2.00557                       97
                  2.00757                       97
                  2.00957                       97
                  2.01158                       97
                  2.01358                       97
                  2.01558                       97
                  2.01758                       97
                  2.01958                       97
                  2.02158                       97
                  2.02359                       97
                  2.02559                       97
                  2.02759                       97
                  2.02959                       97
                  2.03159                       97
                  2.03359                       97
                   2.0356                       97
                   2.0376                       97
                   2.0396                       97
                   2.0416                       97
                   2.0436                       97
                   2.0456                       97
                  2.04761                       97
                  2.04961                       97
                  2.05161                       97
                  2.05361                       97
                  2.05561                       97
                  2.05762                       97
                  2.05962                       97
                  2.06162                       97
                  2.06362                       97
                  2.06562                       97
                  2.06762                       97
                  2.06963                       97
                  2.07163                       97
                  2.07363                       97
                  2.07563                       97
                  2.07763                       97
                  2.07963                       97
                  2.08164                       97
                  2.08364                       97
                  2.08564                       97
                  2.08764                       97
                  2.08964                       97
                  2.09164                       97
                  2.09365                       97
                  2.09565                       97
                  2.09765                       97
                  2.09965                       97
                  2.10165                       97
                  2.10366                       97
                  2.10566                       97
                  2.10766                       97
                  2.10966                       97
                  2.11166                       97
                  2.11366                       97
                  2.11567                       97
                  2.11767                       97
                  2.11967                       97
                  2.12167                       97
                  2.12367                       97
                  2.12567                       97
                  2.12768                       97
                  2.12968                       97
                  2.13168                       97
                  2.13368                       97
                  2.13568                       97
                  2.13768                       97
                  2.13969                       97
                  2.14169                       97
                  2.14369                       97
                  2.14569                       97
                  2.14769                       97
                   2.1497                       97
                   2.1517                       97
                   2.1537                       97
                   2.1557                       97
                   2.1577                       97
                   2.1597                       97
                  2.16171                       97
                  2.16371                       97
                  2.16571                       97
                  2.16771                       97
                  2.16971                       97
                  2.17171                       97
                  2.17372                       97
                  2.17572                       97
                  2.17772                       97
                  2.17972                       97
                  2.18172                       97
                  2.18372                       97
                  2.18573                       97
                  2.18773                       97
                  2.18973                       97
                  2.19173                       97
                  2.19373                       97
                  2.19574                       97
                  2.19774                       97
                  2.19974                       97
                  2.20174                       97
                  2.20374                       97
                  2.20574                       97
                  2.20775                       97
                  2.20975                       97
                  2.21175                       97
                  2.21375                       97
                  2.21575                       97
                  2.21775                       97
                  2.21976                       97
                  2.22176                       97
                  2.22376                       97
                  2.22576                       97
                  2.22776                       97
                  2.22977                       97
                  2.23177                       97
                  2.23377                       97
                  2.23577                       97
                  2.23777                       97
                  2.23977                       97
                  2.24178                       97
                  2.24378                       97
                  2.24578                       97
                  2.24778                       97
                  2.24978                       97
                  2.25178                       97
                  2.25379                       97
                  2.25579                       97
                  2.25779                       97
                  2.25979                       97
                  2.26179                       97
                  2.26379                       97
                   2.2658                       97
                   2.2678                       97
                   2.2698                       97
                   2.2718                       97
                   2.2738                       97
                  2.27581                       97
                  2.27781                       97
                  2.27981                       97
                  2.28181                       97
                  2.28381                       97
                  2.28581                       97
                  2.28782                       97
                  2.28982                       97
                  2.29182                       97
                  2.29382                       97
                  2.29582                       97
                  2.29782                       97
                  2.29983                       97
                  2.30183                       97
                  2.30383                       97
                  2.30583                       97
                  2.30783                       97
                  2.30983                       97
                  2.31184                       97
                  2.31384                       97
                  2.31584                       97
                  2.31784                       97
                  2.31984                       97
                  2.32185                       97
                  2.32385                       97
                  2.32585                       97
                  2.32785                       97
                  2.32985                       97
                  2.33185                       97
                  2.33386                       97
                  2.33586                       97
                  2.33786                       97
                  2.33986                       97
                  2.34186                       97
                  2.34386                       97
                  2.34587                       97
                  2.34787                       97
                  2.34987                       97
                  2.35187                       97
                  2.35387                       97
                  2.35587                       97
                  2.35788                       97
                  2.35988                       97
                  2.36188                       97
                  2.36388                       97
                  2.36588                       97
                  2.36789                       97
                  2.36989                       97
                  2.37189                       97
                  2.37389                       97
                  2.37589                       97
                  2.37789                       97
                   2.3799                       97
                   2.3819                       97
                   2.3839                       96
                   2.3859                       96
                   2.3879                       96
                   2.3899                       97
                  2.39191                       97
                  2.39391                       97
                  2.39591                       97
                  2.39791                       97
                  2.39991                       97
                  2.40191                       97
                  2.40392                       97
                  2.40592                       97
                  2.40792                       97
                  2.40992                       97
                  2.41192                       97
                  2.41393                       97
                  2.41593                       97
                  2.41793                       97
                  2.41993                       97
                  2.42193                       97
                  2.42393                       97
                  2.42594                       97
                  2.42794                       97
                  2.42994                       97
                  2.43194                       97
                  2.43394                       97
                  2.43594                       97
                  2.43795                       97
                  2.43995                       97
                  2.44195                       97
                  2.44395                       97
                  2.44595                       97
                  2.44795                       97
                  2.44996                       97
                  2.45196                       97
                  2.45396                       97
                  2.45596                       97
                  2.45796                       97
                  2.45997                       97
                  2.46197                       97
                  2.46397                       97
                  2.46597                       97
                  2.46797                       97
                  2.46997                       97
                  2.47198                       97
                  2.47398                       97
                  2.47598                       97
                  2.47798                       97
                  2.47998                       97
                  2.48198                       97
                  2.48399                       97
                  2.48599                       97
                  2.48799                       97
                  2.48999                       97
                  2.49199                       97
                  2.49399                       97
                    2.496                       97
                    2.498                       97
                      2.5                       97
